INDEX

auu σε. 13. 147. ῳ. 133. ιο. m, mab-atu. ιι. nami-1⁹2„

14.164, 1. 197, 9 4. 109, 22 umque-185, 16

21 3831 44, 11. 72. 2. agitabamur 66, 97. agrestium ’17. 1
om}- σο, 13. ι3ο,1·19,13 as. 12 ,δή 103, u. 189,

13. 232, 22 agab-nt 91, 9. 109,3811.31131 37,18. 66,10
ntum-”ss 26. 126,20 6. 114,Ω26. 116, aab 6,16. 30, 18.
mun-qne 2,6 agebantur 139,7 8. 219,2 76,12. 102, 20.
ammas ng ebat 102, 3. 137, achab-1⁰⁸· 9. ΙΙ. 6, 123.26. 163, 6.
mi 63, 6. 134. ε-3. 146,16. 162, 22. 89. 24. 36,3. ”3119- 219, 6

92 12 94,9..93,319333ω99,.9 33,.22
mut-211, 12 agendum, 17 6 61.14. 74,16.
mmm, 13 agend-mn 143, 24 agitand- 1618 109,13.163,18.
Μίθρῃ· 78,12 ng endi 19, 9 agitando 34, 1.198,176,17 189. 3
&topia-³204. 14 3831111047, 16 4 ugron 9, 19. 22, 22.
ιν167,2 agendum 137, 13. agitandum 211, 6 61, 21. 76, 14.
unffi& 160,20 8316301917,23 79. 27. 101. 16.

26 agenta 201,3 2. 916,12 173, 20. 191, 11.
:coemat 169,4 agente-136, 3 ιρωοωτ223, 10 201, 20. 203, 1.
affectata-tusa ugenti- 177, 21 agit-m 20, 12, 23. 221,16
awannam aarum. 103, 22. 31.16.·18,11.ιςηω 3, 3. 22. 1.
ungebatur 193,7 107,14. 109, 23. 92,24. 112, 7, 27. 23, 18. 34, 6.
affini-'nst 120,12.126,26. 118, 2. 133, 6. 114,3.136,11
affinius 210,17 137,10. 174, 1 141, 6. 144, 14 agn-nt 41, 10,12. 68,
affinitatum 164,13 agere 6, 4. 32, ‚nsit-rem 69, 2 16.131,19
amnium 63, 17. 130, 33, 24. 62,ο21.38111ἷ1·31108,11.139,38ωιωι 39,10. 208,
38131313 24, 9 elabi. ιείιιπ 83,17. 86,6. nien-nt 37,18. 38,
afflictu 124,24 3831311130, 17 107, 16. 121, 2. 10. 43, 9. 87, 8.
afflicti 113, 4. 147, agennens- 181, 10 922,29 146,116

3.179,6 ageret 104, 9. 107,381131 166, 2. 178. ait 161, 18. 163, 6.
381836331176ῤ 7. 114, 26 13. 216, 6.222, 167, 2. 21. 204,
amum 234.6 nge· 226,23 33 21. 206,13. 206,
amnem-229. 19 agui-46. 16 afim-126, 13 10. 207, 29. 209,
neon 110, 14 agetur 219, 20 agimi- 212, 18 6
amit m, 13 aggerum 94,21. 124,381131.3ω 168,16 uiuat 133,13
omri 191, 17 19, bie agitaturus 163, 3 uberibus 199, 27
Acri 76, 6 388811833139,638113νον31170,19 aherh19,13
Affld 61, 20. ’10. 7. nanda-tm· 34, 14. 38ἰ13νοη31, 13 31ω106,17

w, 6. ’19. 6, 7. 31, 126, 6 ugit-vi 17, 7. 222, Albini 131, 14

1. 36,4.92,18.388ω111111,7.136, 19 Mhi-»o 93, 7. 101, 2.

126, 13. 137, 2. 16. 219, 26 anit-vin· 166,12. 126, 7

143,3388ηά13111111·84,9 903,17 Aufinum 94, 4
Amo· 76, 2. 77. 13. aggredimini 62. 20 agiu 163,6.197,Α11>ἱοιιι 92.18. 93,

166, 26. 204. 13 3 ‘truditur 66, 7. 80, 19 19. 94, 7. 96,9 ..
Ardeam 67, 23. 76, 10. 93, 6. 102, note-211. 14 101, 10

7, 8,16. wast: 14. 109, 3. 112, ulti· 177, 10. 132, 3131131, 11, 23. 30,

..m 18,16. 82,11. 8. 113,1,18.117, 10 21

,ἰσ 84, A. 93, 6. 123, 14. 136, 38113146,7, 14 Manantes. 19

21. 98,16. 101,1. 13. 138, 20 3811133 106,6, 19 algori-5. 16

118, 8. 136. 7. swain-tur 118,13 38ω133101,27.102,311312,12.13,10.

141810. 130. &mmo-1⁶, 13 3, u. 105.1⁸.' u, εἰ. ιο. 12 19.

833, 02 388ηαω64,16.74, 110, 3.134, 17. 4. 21, 6. 22, 10.
Ante-nim. 6 . 14. 197,10.136, 142,16. 146,12. 26,12.36,1’1.37,
afflet-0⁶1. 13 3 163,1.186,26 13. 41,9. 44, 2,
mist! 38183, 91. mals 3811113926,13 undabit-uia.
urbo-w. 8 3813223,13 3833463313174Α6 an- 42, 13. 78, 2,
mn 18. 21. 70,3811 68,14. 62, 12383126. 14 8. 170, 18

,22 731 1ω,’1.163,3 38133136.11. 170, 8 ati-qu· 44, 2. 168,

mut 36, 14. 134,3 381138331117οΛ num-qo· 122, 16 16

