, Πωεκ

metat} 33,6. 181, 6. 71. 10. 73, 8.16να998,11 69,11.133,5
11 114, 99 ’ summ, 33 feriri 19⁴, 94
summm 19, 9. 84,1ιωί1161639, 15 Poeninum, 13 sedandi 106, 4
91. 44,19. 80,s⁸mi1innqoe'9¹23,6 favorem 68,9. 199, terme 103, 98. 193,
95. 114,7. 116, 3. famili-mm 18, 9,11. 11 15,999, 18

154,16 19, 8. 178,13.16υ401·149,9 1σοοειιι108, 19
, factumn 199, 5 913,1. 999, 30 fautore-⁷3. 13 feroces 46, 18. 141,
uotum, 14. 90, 7. fnmilhm 11, 19. autoritas-82, 14 7. 144, 90. 907,
109, 9, ue. 159,10 fautorum 186, 18 6
fiatad-mla& 11 familiaresque 19, 1 1*ebrmr16,.1 1614161151, 9
facundi· 49,1.86,1ω1116ή63,19.184, fecerant 99, 95. 66, fenoci- 159, 15

15, 115, 8 5. 981,19 8. 195, 8 ferociamque 55,17
mundio 147,14 famili-rh 194,1 fecem 19. 11. 90, ferocis 10, 1
'mundium 900, 3 familiaribusws, 16 ’99. 91, 94. dte.- 1εωοὴωιιι1993, 3
hmndm1⁴2‚³.199,hmiunrin 6, 1. 84,1οοειέ3, 14. 7, 9. 8, 1630618690, 19. 150.

Paua-uum 34. 6. fm’nhrinumi· 144, &c- 16τοκ5,99. 31, 8.
63, 17 , 5 socen-saulo, 21 zum, ιω.
Faunum· 55, 7 §.miliarium 19, 3 feeerit 44, 11. 89, 1. 1αηωειιιὶι179,5
raum 90, 95. 91, famili-riter 159,19 149, 8. 169, 9. 521·oe 138, 14
96. 93,14 familiarum 34, 15.41, 197, 94 ’ ferret 199, 15
Petunt 2³,9 3 ’ feci 45, 8. 158, femi· 900, 97
tale-ti· 905. 99 famma 918, 9. 939, 96 fen-1 9, 18. 119,
sall-eii· 9, 14 99 seciae 13, 9. 16,16. 91
mundius, 17 summm 74,9 19, 19, fise. femen, 11. 59,11.
16116660191,90 fumo-1203& fecis-'em 45,11. 69, 70,4,8ιο.
mla-e ιιο, 13 fun· 41, 3. 221,1 suman} 95, 90
1611616114 177,5 15 (educat 40, 14. 97, tenum 176, 4
fauit 18, 99. 130, 9. Panaima 157, 6 7 161419, 5. 108, 3.
981, 11 18110911, 5 1631130480, 99 17. 189, 93. 993,
fallitur 999,98 fascibu- 15, 17. 89, 1643164165, 6. 70, 8. 19. 999, 95
salu 99, ⁴- 46, 5.10 997, 94. 998, 9. teniknlae, 11
903,34. 997,3 halone, 97 931, 8 renui-7⁵, 11
1616661139, 13. 1⁴9, 16 19, 13 fecisti· 45, 4. 197, 1414111ωωὶ 173,14
5 16999, 14 10 fertur 93,17. 116,
ωιιει,5οο ’ tantumne romeu, 13. 46, ’1, 4. mass
161ιὶ6 4,5 97,14. 1ι4ω1177,18 9⁴,&.c. ferun 197, 5
914,4 . flumem-⁹7, 9 felioemlefl, 13 remunstto. 173,
(212088, 16. 57, 1. fatigabat 174, 7 'dictor 149, 7 8. 174, 90,185,
930, 94 sutis-adom. 10 retich-imo 149, 6 3
161306 9, 3. 13,164ἱμιι 410, 6 161161466109, 15 16ωιιιπ8,3
fau ,flamma ceux ι34, 13 σοι. 106, ω. 196,
1⁸1qu 3,5. 43,1641ῃη79,9. moster-881. 15 8
17, ιο. 4 fer-8. 93 funi 107, 94. 186.
bn· 91, 8. 40, 18. fatigati 89, 6. 110, fund-92⁴. 93 6
48, 5. 74, 19 6 ‘mrum 136, 93. fini-1⁵1, 15
hut-8, 11. 7, 15. 1641364 995, 90 175.11 fun-0190, 8
13,10, &e- hug· 41 118, 3. 194, fen-ee. 11 1666416119, 7
ἡ.. 81,19. 95, 99. 140,93 §mutuo fnum 191. ⁴. 177,
90. 177,19. 903, 1641ςιωῑ999,30 lectas. 91. 37, 14. 901,14
30 ffatim· 66,13. 154, 90. 55,19. 63, ’15, fahs· 148,5
hun 11, 10. 137,15 993, 95 munh-1198&
, A. 178, 5 rutnans. 15 tuo-tue 86,8 stetim—10 33,95
lon-1¹1⁴, 7 cutum 37, 9. 919, muru-3⁴, 13 mummio. 107,
fiam-95, 7. 69, 14. 91 m 179, 9 8
- ’10, 4, 17. 141, nnuma, 11. 193,ἡκ4990, 19. 993,16641ιιω61144196,8
99, 986, 6. 997, 9 buuqss,19.99,

&mumma-1, usuum& 1³¹1, 4 6. α4.6, ιο.
hmin- 94, ι. sac-ven 1³0 ιο corin τ, 14. 36, 3. καίωσι ne, 4.

