VOCABULORUM .

afim 136,1·1. ι33..11ωω113134,3 34, 33. 35,1. 33, ιι. 41,1. 143, ι’1.
3ο, πάι-4.· 41163,13.6.13.33, 15 153, 11
amquam, 3. 31, ω. 331. 3.43, 16, us. 6110610315'66239, ambitam-1, 10. 115,
43,16. 53, 3 34, 6’1, 3. ’13, 4. ’133,Διιουωμω 33,15.1ο.1·1·1,36
4. 33.3ο.34,31.14ἶ134,33.136, 35, 13. 33, ιο. ambitionem 4¹1, 3.

117, 91 6. 108, 99.119, 48,15 101, ‘23- 130, 16.
nti-snm 31, 4. 59, 17. 199, 9, bis. 141, Alpes 192, 21 135, 3. 145, 95,
10. 169, 80 19. 184, 8. 229,A1pibuz1·1'1, 91 ’ 903,10. 930,17
aliu 69, 11. 66,15. 91 . alta 5, 19. 195, 15 ambitu’oeum 116, 10
67, 97. 94, 1, 41¹⁸.de 215. 8, maner 59, 9. 70, 91. tubicini-2230, 17

903,94. 991, 5 60, 7. 113,19. 144, 19. 187,Ιο ambituum, 99
aliaeque 57, 8. 78, 114,10.134,16. atter& 33,14,15. 54, ambitus 15, 9
1 160, 14. 908,18. 3 ιιιδίιιιιά068, 11. 199,
dibi 55, 6 910, 6 altere 118, 4 8
alicujus 43. 11 alio· 14, 4, bis. 22, 4, alteram 66, 18. 74, ambo 153,10
onena ’1, 6. 10, 11. 10. 311,16, ιη’.. 31. 16. 133, 13 ambobus 133, 3. 13η,
30, 4. 88, 8. 42, 39, 18, 31ιόόὶ altercatio 999,98 90. 158,13. 154⁹,

4. 43, 90. 45,n1iquam11u12:3‚ 18 alteri 100, 8. 107, 96.155,8

18. 58, 3. 139, aliquando 45, 6. 71, 99. 119, 19. 199, amborum 143, 10

7. 161, 90. 167, 13. 79, 6. 114, 11. 196, 4. 909, ambos 80, 13.190,

9. 918, 3. 915, 1. 147,1’1. 153, 19. 996, 9. 232,- 15

98. 998, 9. 934, 19 14 ambusti 909, 97

99 aliquantam 175,19 alteris'r‘r, 10 amens 994, 99
alienae18,3.19‘1, 5 aliquanto 8, 3. 193, 3113111139, 9. 45, 11. ament 134, 9
aliena& 128, 19. 991, 15. 196, 14. 135, 917, 98. 998, 18 amentiam 94, 93

95 7 altero 49, 16. 934,111111316519. Ἶο,6,
alienas 59, 99. 69, aliquantum 114, 13.13 990, 4. 931, 14
90. 915,15. 919, 196,4 , alteros 100, 3. 107, 3311316165, 14
7 aliquantus 150, 22 99. 119,19. 136,311113136,1”1,31. 18,
alienata 103, 99. 994, aliquem 131, 9 4 14. 68, 16. <¹54
99 aliquid 48, 17. 85, 5. alterum 1, 5. 9, 1, 19. 65, 6. 74,
alienati 118, 4 “ 154,8 ’ 8. 63, 14, bie. 67, 79, 9. 99, 94, ,
alienatum 99, 4 aliquis 89, 5. 189, 95. 99,9. 167, 7. 19. 193, 9. 148,
alieni 5. 17. 96, 14 9. 938,10 934,19 15, 91. 155, 10,
alienis 73,9. 109, 4. aliquo 3, 11 · ultim-202, 5 16. 997,19
919,10 aliquos 146,9 attitudine 174,18.ιωὶοί33111110365, 6
1111311089, 17. 33, ’1. aliquot 90, 97. 84, 199, 3 amicitia 17,’1.4ο
’13,13 33. 136, 33. 133, 3111133136ω133,33 ι. 61, 33Ῐ 63,19,
alienos 65,11 91. 900, 10. 908, altitudo 149,4 64,13. 69,1‚ a
dimum 11, 90. 18, 16 sitias 67, 1 alibi
15. 13, 14. 3ο, aliquotiens 1¹11, 15 altiusque 61‚6 ιωῐοὶιῑε33, 215³,
33. 33, ι. 33, 14, *uter 33, ’1, 34, 35, ιιιο 316, 3ο 13. 337, 11
51, 7. 65, 14 4-4, 11. 63, 7. 65, altores 900, 14 amicitiaque 128, 21
⁸111 3,10. 3, 13. 16. 13. 66,6. 13ι,13.ιιω3 115,3 amiciti-m 13, 1 ⁶¹3
14. 13, '20. 33, 153, 33,-3131144 alveis 179 6 ι’1. 64, 5, ξω,
11,19. ω, 13.=11tu1·220‚22 alveo-¹16, 11 amicitias 6, 22 9
31,14. 31, 3’1. 33, sums, 39. 19, 11. 21611176, 13 6. 331,3’4 '
10. 44,13. 48, 11, bis. 22,1. 34, 14. aluntur 30,10. 197,ιιιιίοα11ω90,34.31,
- m. 49,19. 51,1. 38,15, 47,19,ει 15. 931,4 99. 49,19.147‚
55, 94, ee «libi 3ἱὲἱί alvum196, 1 94. 993, 96
aliique 87, 93. 197, alind 9, 18. 8, 12.ammt98,1 amiooe8, 1'5. 68, 4.
1. 146, 11. 175, 9, 5, &audibi anunm, 93 71, 9. 97, 10. 113,
9 alius6', 13, 19. 9, 19,nmare10,2 14.147,90. 191,
ιΙίἰς8,9,96. 19, 5, hir. 34,14. 44,ι“ιιιιι 99, 19. 199, 18
6, 9, d dibi 13, ke. 95 am1m10115,9
aliique 68, 7. 104,311ιιε1’91,4 Anno-ozon. 4 amicum 55,94. 69,5.
8. 191,19.134,3113ω93,9.191,8 ambire 79, 9. 171, 149, 6. 998, 9.
96. 14594. 150, allevati 140, 18 90, 91 934, 6, 19
9ο. 915,4 annerum, 99 ambici 171, 90 amicus 59,16. 81,

nmu161‚⁸.195,5 ammana, 13 ambitio 3, 3., 9, 4. 1·1. 331, 36, 33

