INDEX

tntu 5,15·19,14,001πει·1αο0186, 7λ 179, 9. «194,7 mo 13. 16. 94, ’1.

κο. - subvectus, 8 suu-ua 19, 19. 30, 96,3, ιο.
mmet 90,’1.64,0οΜ01»1,111180160,10 , 15 monuwa
8 nubvmnnd· 166, 5 sothai 13, 15 mepte 195,5
manem. 9 mmm-nos. 15 sullani-2⁹, 93 nomm 19, 10. 97,
unm- 30, 9 succedere 111, 6. sulphure 111.9 16,8ιο,
σου 10,-15. 14, 4. 141,9 amicitiast! ⁴ 01100 39, 15. 43, 14,
18,13, &c- mem 999, 13 Sulpitio 158, 5, 918, &e-
011001000 153, 4 metuunt 187, 3 4 super 78, 10. 93, 11.
conque 99.7 succutiunt 903,91 sum 4, 6. 99, 6. 45, 119, 9, &c-
‘ab ³¹. 11. 51. lq· 'accumbit Μ. 16 ⁹, &co mmm 124, 2.
67, 94, διο. succurrere 55, ι. sum-m 999, ’1 19
nob-etim& 19 144, 6 sumat 131, 9 ιορεηδιιιὶ 115, 17
nub-eti 8, 93 sum-onem 178,3 001110153,91 superant 139, 15.
abdon 159, 13 nude· 51, 1. 111, tumebant 43, 96 161,6
0011801110 5, 16. 94, 9 sumenda 164, 8 superne 18. 8 ,
93 adorem 134, 4 tumendum 39, 93. amptruet 49, 4
abducit 53, 1’1.144,011010158, 19 48, 18 superanti 998,7
16 metum 179,19 cumane· 80, 5. 908, sumt 75, 15
0011030001, 101,14 nuffloenme. 13 90 superato-205. 18
subegit 9, 5. 49, 5. 006308οη111, 7 0011101079,99 ιιιραιωι 73, 19
919,’1.993,10116η31’011ωο 117, numi 91, 93. 198, σομε-00000111 190,
0000001190, 15 15 94 8
abjecerit 189, 9 suffr-‘1⁸ 180, 7. 183, nuit 114, 93. 191, nuper-vit 189,6
jecit 179,1 3 11 - superb· 16, 13. 86,
00153000018915, 95 unffi-03³1· 163, 19 sumit 197, 90 19. 175, 13, 994,
0181130ηῆ13 mi 5, 17. 19. 7,01111111ιο1, 9. 18, 13. 1
subigit 81,15. 8¹1, 16. 91, 18, ee 94, 4, διο. supetbin 3, 3. 10,
3 alibi. nummo 15,13 10, &m
subu-u 997, 99 tuimet 163,10 summam 31, 8. 88, superbie 18, 3. 61,
tublntow, 14 nuit 99,19. 96, 13,1. 917,16. 994, 10.86,91. 116,
nablum 185,9 ’ uam. 90. 939,9 15
suumn-dom, 15 00101000175, 16 mmm} 106, 97 superbiam ’1,1. 9,
0001101800 195,9 801109,18,91.1’5,οιιωιιιο 43, 93. 80, 3.198,14,1ιο.
011111111ιὶ0 179,8 9. 43, 6,14. 141, 90, &c- mperbi-nmi 88,10.
mmmmm. 18 16, 99. 149, 9. commovi 177, 99 133,14
nub-ema 939, 94 145,13. 146, 9, nmmum 11, 1. 93, supere· 148,6
00801811053, 14. 54. 94. 147,14. 149, ’1.43.96,8ιο. supa-0286, 19. 931,
6. 105, 6. 174,11.151,16,91.01111190οη189, 9 91
13 159, 8.153,4,ουωροα11111 43,99 superjacu- 179,7
subveniendum 89, 11. 17.·154, 5, 90. sumpsi-0 66,4 nup-rior 39,4
19 161, 18. 179, 11.011111ρ1.011190,94 superiore 119, 8.
mmm 145,5 181, 4. 187 16. sumptibus 60,15. 178,19.101,8
§theubatum 189, 918, 3 189,11. 914,19 mpedoeem 104. 15
s sulu- 5, 90. 14, 8. 917. 17 :apertori 16, 18
nnumin 106, 95. 99, 91. 31. 1. 141,01111ψ110 901, 9 num-{ouibu- 87, 13.
100,οο 003 108, 16. 149, mm pm 227, ⁶ 106, οο, εις.
metuunt 109, 18. 150,6,90.154,01111ψ1111 11, 15. 19, σανα-1101000111 113,
. 10 16, 155, 90. 159, 6. 178,11
subvenit· 73,6 99.174, 95.199,0οωρ10111 50,17.51,01ψο1·νο001100 999,
subvenitis 178, 15 6. m, 18, 199171, 10. 93,15
mmmm 73, 10 mptu- 90,97.177,0ομπο001101111149, 6.
19 &ullum 36, 91. 37, 16. 919,11 59,19
nbvdnutllss, 10 1. 144,14.147,0111ιψ11111111 197,-1.7 nupervtcoe 999, 13
mm Ι41,4 ’ 11.149, 9, 5, 15. 919, 96. 913, 1 supervadere Ι93.93
abnuo· 11,5 150, 13. 151, &numus 96, 10. 48, ωρμάῑεοϋῑοω 134,1
suumn-di 190, n 15213. ιε. 153. mue. uppem-21³, 11

athmon 1⁶3, 3. 154, 98. 155,0111144. 9. 5, 11. ’1, tuf-petit 918,90
10 τ. u. 160, ε. ⁶. nomae. appa-mmm

