m DEX

mmsssslssff metuendum 164, 18.111111111111130,16.53,1111η1111ε.916,16
Μὼ145, 11 911,11 11,16,6ιο. mur-Minius&
1110111110 103.98 maneae-1⁸⁷9. 13 1111111111οη00143,9 minuam 30, 99.
mn 64, 19. 159, metuens 19,13.11111111855,3 990,18.996,11
5. 161,14 148,16 militum ’10,1.50,1ι11ητ1 10,3. 115,
namma metuente· 91. a. eo, ...υἱ 19. ισὸ, ο. 181,
undamn& 43, 3, 131, 99 nine 119, 9. uo, 4
230. 1110100011 113, 99 19 υ118101931, 5
“itu 108, 6 metuerunt 194, 91 mini· 103, 98. 114,111110 163, 9
Μώ1150,11 maumas, 15. 199. 19. 909,94 11111110141,1. 931,
Menova-nen} 901, 1, ace. 1081180150, 99. 189, 4, 94,30
12 11101011, 46,13. 166, 5. 193, 9 nicee-doum 18
10 191, 6 011111001105,90.193,ω11001·ο 8, 95. m,
99. 904, 99 motum 88,14. 94, 91,610. 19
mutan-151, 16 9, ke. ninias, 6 nni-cent 198, 91
“etam 103, 19,96-1110111449, 4. 61,94.Ι111181’190,11. 141, 61111100τί 3,1. 188,
105,19.109,11. ke. Νῖκαι-18998, 4 90. 919, 91
191, 9. 198, 39. metuque 190, 13 minim& ’1, 3, 999, miscuere 16,14
169,33.118,19.11101.011111196,15 15. 931, 4 minet-bile 29, 11.
930, 9 meum 93,14.59,111111111114999,90 101, 80
”culto 109, 19“ 16, 810.11111111110999,14 nni-emuli 91, 16
103, 16. 106, 98· 1110114 68,14.69,1111111·1οη01883 misenum: 1ἶ16, 19
109,11.110, 3. 93 minimas, 18 mineram 18, 3,15.
114, 93. 115, 15. 8111111918 69, 9, 19. miniatis 99,4. 198, 991,18
119, 93. 199, 9, 63, 3, 93, ἀει. 31 111110τέ110.. 69, 18
91. 193, ω.99.111101ῐ1ω 64, 9. 61, 1111111111οω 61, 19 minent-do 81, 10
194, 9. 115, 18. 94. 81,18 minitando 104, 99 uber-nt 195,6. 118,
199, 11. 901, 8 8110111481ιῖ 66, 16. minitarentur 39, 9 39
8010110000 100, 9. 134,9 minitari 110, 4. 910, minen-tem 113, 94
195,8 md· 905,8 95 miser-ri 94, 10
uacuum 101,91.1111104 101, 96. 109, Minoem. 4 minent 61, 98. 84,
109,1.110.11. 6. 139, 15. 909,)1111011 113, 18 8. 191,19. 136, 9.
116, 8. 111, 14. 90 11111101· 11, 8. 90, 6. 113, 91
119,14. 199, 14. minuis-tue, 6 931,19 111180181141, 1
194, 99. 191, 3 mim-ndo 131, 9 minore 49,16. 108. 1111101011ωο. 160,
1101011111 93,14, 1111111110ιο 104,90. 180, 90. 191, 18 16
34,9.,5114.100, 3 18100100199,9 1111801068,8. 181,
8.101,.1 109,8,101111810.900,30 ainamma. 94,3. 13
93. 103, 1. 104, nuit-mss, 15 41,16.46,19 1018010ιωί0141, 1
93. 105,90.106,1111111,81·1101,14 11110011191,15 mursa, 5
11. 101. 195.123.11111118·1ι’1843,111. 103, 1111110010 99, 19, minentem, 13, 120
5,18. 11 0. qq
119,4.113, ’1. ommibus 1, 10. mouentur 90, 93. 1111801196, 8
114, 9.111,1. 50, 93 19, 94 1111801·ιῖ 89, 4.160,
118, 9. 119,1.111111ω1’11 9, 6. 54, 9101110110οο ’11, 16 3
199, 4. 193,11.61,19,8ὀ.111111001·11990, 19 mind-quw, 1
194,16.198,1.111111ω18,90. 909, 0118011019, 11 uuaru- 41,10
135, ⁹· 91 ¹³⁶· ²0 1111001118 8, 11. 41,1111001>181-11. 69 ⁶,
κ. nomn 1⁷0.m1nta10⁴.1³‚15,1³ '¹2⁹ ⁹
91. 115, no, 99,11,υ.’1ιο. minume 41, 14. 44, ...ἰωή-ι vn, ,1 1³8
116, 6 0111111098,10.199,1. 0‚&e. . η, 14⁶, 1.,τῦ
1114111194,8 11, &e- 11100101999, 15 u ⁹
fidum, ,18 11111111· 100, 14. 103, 1010011111991,1 nmmos q
onuph-nen 118, Inte. 1111001110. 69, 19. -Wss, qq 10,
ainzu-quoe, 6, 19.14’1,93 ω, ⁶ ⁴⁷ 9 49
..tn 5,1. 6, 18. 8,10,410. niun-unm, 9 .Β9, ω’
ᾖα), &0- mintho 1, 9. mmm& 5. 90, 10,.118011001018.45, 11.

matht-30⁴ 3, διο. &e- 91, 13

